1,1.3,8,8,60,1.219,0.01
0
0.003
0.012
0.027
0.048
0.075
0.108
0.147
0.192
0.243
0.3
0.363
0.432
0.507
0.586667
0.666667
0.746667
0.824979
0.897479
0.963979
1.02448
1.07898
1.12748
1.16998
1.20648
1.23698
1.26148
1.27998
1.29248
1.29898
1.3
1.3
1.3
1.3
1.3
1.3
1.3
1.3
1.3
1.3
1.3
1.3
1.3
1.3
1.3
1.3
1.3
1.3
1.3
1.3
1.3
1.3
1.3
1.3
1.3
1.3
1.3
1.3
1.3
1.3
1.3
1.3
1.3
1.3
1.3
1.3
1.3
1.3
1.3
1.3
1.3
1.3
1.3
1.3
1.3
1.3
1.3
1.3
1.3
1.3
1.3
1.3
1.3
1.3
1.3
1.3
1.3
1.3
1.3
1.3
1.3
1.3
1.3
1.3
1.29984
1.29546
1.28507
1.26869
1.2463
1.21792
1.18354
1.14315
1.09677
1.04438
0.985998
0.921614
0.85123
0.774846
0.694878
0.614878
0.534878
0.457764
0.386648
0.321532
0.262416
0.2093
0.162184
0.121069
0.0859527
0.0568368
0.0337209
0.016605
0.00548908
0.000373125
